"","gc","ec","er","gr","hp"
"1",0.734537076454631,0.0536138411475317,0.0401631177913789,0.0820759180556314,0.0896100465508267
"2",0.683001375999892,0.0635602007177854,0.0226347172411044,0.158951433386986,0.0718522726542319
"3",0.759445636500755,0.0877423313924502,0.0202292093224501,0.104444010846463,0.0281388119378812
"4",0.553556376893865,0.100710513350407,0.0632195586542626,0.205891839784537,0.0766217113169284
"5",0.460158830466074,0.130768740152877,0.0906003561366075,0.177398061671096,0.141074011573346
"6",0.657544660452475,0.0489004699435915,0.070976979010807,0.180346503280401,0.0422313873127247
"7",0.646025530714393,0.0559802516463066,0.069197740554401,0.208521558119213,0.0202749189656866
"8",0.576139274861533,0.0601873829237223,0.118789066760209,0.145019160941168,0.0998651145133672
"9",0.651755351647221,0.0101657553544226,0.123193189211869,0.192376083563751,0.0225096202227369
"10",0.61498352237303,0.0210866583581703,0.126465291121239,0.174516984778757,0.0629475433688046
"11",0.529665219066588,0.0918391899745621,0.0839318050695545,0.154832489408573,0.139731296480722
"12",0.623649847383565,0.093251707092949,0.0340224519713584,0.124646704679343,0.124429288872785
"13",0.734258549192752,0.0239168219125158,0.0787980343828328,0.111966976327501,0.051059618184399
"14",0.542591928164788,0.0516109567205068,0.0758978029176558,0.178863914041477,0.151035398155573
"15",0.536306157984982,0.0421581996234125,0.205727875183703,0.166746893821165,0.0490608733867385
"16",0.567827362463872,0.0662366642166978,0.144196537811767,0.199863139196492,0.0218762963111713
"17",0.679827522491828,0.0441055918721811,0.0445534351500647,0.171261067593344,0.0602523828925818
"18",0.515608022921937,0.122789037049551,0.0409517465015515,0.133616703822745,0.187034489704217
"19",0.664629907131757,0.0608170420382656,0.110738265453263,0.110826574272174,0.052988211104541
"20",0.783581310195644,0.0343979862400714,0.0349391990469875,0.119082541537508,0.0279989629797892
"21",0.559078995597577,0.0709031605789036,0.217953875883377,0.119383122896788,0.0326808450433546
"22",0.658621158614718,0.0485939926396541,0.0924405752870121,0.156678013588364,0.0436662598702523
"23",0.598945116289603,0.0132729103383722,0.187200866563294,0.163235346128473,0.0373457606802582
"24",0.602775452923647,0.0431118920411854,0.152642615948439,0.128894603494737,0.0725754355919919
"25",0.714572154641134,0.0653744029923674,0.0289593912070297,0.117916923551912,0.0731771276075576
"26",0.644974159931447,0.0360890887713044,0.0429189099351832,0.25682698953645,0.0191908518256155
"27",0.578036262182087,0.0574313809813307,0.100979741566211,0.17321443421005,0.0903381810603206
"28",0.704010108104325,0.0313200524624832,0.0395219759660186,0.145104389008165,0.0800434744590081
"29",0.73217497977306,0.0701308411136163,0.0149649653884654,0.0845105150434756,0.0982186986813827
"30",0.823112681302443,0.0330101633656486,0.0413346512267534,0.0756567242886117,0.0268857798165431
"31",0.697122448968616,0.04284804361146,0.0138686331393726,0.224233880203959,0.0219269940765927
"32",0.732817497012313,0.0473025956818694,0.0434654958197377,0.147652954111338,0.0287614573747419
"33",0.640685184437814,0.0123984578896874,0.0431090347835029,0.258638404812548,0.0451689180764484
"34",0.69936558839582,0.058748594830876,0.0360374433559944,0.184371855386727,0.0214765180305828
"35",0.63613315121912,0.127931200679978,0.0431560871629973,0.14671597121758,0.0460635897203249
"36",0.584956984643492,0.0728102803412515,0.0521168633894051,0.147609642656997,0.142506228968855
"37",0.551481553108725,0.0798632798805332,0.164636293753427,0.113110744703529,0.0909081285537861
"38",0.721835249840013,0.0258208966579653,0.0164859190541156,0.216498521127316,0.0193594133205899
"39",0.71266421789216,0.0385530345324522,0.0255209572229963,0.158175704827084,0.0650860855253075
"40",0.629141702444994,0.0637888786882258,0.0625563469084173,0.223231735829574,0.021281336128789
"41",0.585388194939451,0.0377207771067596,0.124754123158976,0.204581900012259,0.0475550047825543
"42",0.608633575316738,0.0841429846992717,0.019350648900944,0.242914418082672,0.0449583730003743
"43",0.804239388454514,0.0312821101856429,0.0314174361556237,0.103914247985786,0.0291468172184338
"44",0.562611377529135,0.088659427206775,0.0985924874257661,0.149158151136268,0.100978556702055
"45",0.700395968666735,0.0312182590282706,0.0656425241337142,0.143665369817215,0.0590778783540653
"46",0.624620417520868,0.0741063519264262,0.036851704097293,0.156724969339229,0.107696557116183
"47",0.564153972477011,0.215251154637342,0.081101080228519,0.102554024532718,0.03693976812441
"48",0.757529912001762,0.0576483984599364,0.0510660922348002,0.107129879898964,0.0266257174045371
"49",0.706866599039617,0.0658816403607027,0.0601082867449117,0.12774043887305,0.0394030349817194
"50",0.598401157899536,0.06898821070381,0.0630645096997151,0.190778128001587,0.0787679936953518
"51",0.68219493759251,0.0416320665289982,0.0970614144924131,0.111369028469979,0.0677425529161001
"52",0.483161269658863,0.0938058052907326,0.136920426313934,0.211686864974358,0.0744256337621128
"53",0.708592329696459,0.0223037858287703,0.0425747657942187,0.185202627720305,0.0413264909602461
"54",0.593074496457243,0.0676459944334987,0.115801586025224,0.1364676146723,0.0870103084117337
"55",0.733485494647324,0.0189886374589721,0.0315991507054085,0.139877166211877,0.0760495509764187
"56",0.613762834145069,0.0645033772217134,0.0551916071404313,0.110456058096676,0.15608612339611
"57",0.632411427535794,0.0782096741118576,0.132387300963478,0.106099262424739,0.0508923349641316
"58",0.614413415194708,0.0273345659283339,0.0488163974951983,0.275005534091085,0.034430087290674
"59",0.523089374018128,0.112614594460036,0.117630144537463,0.149917571356136,0.0967483156282373
"60",0.679628947353648,0.0568760781988579,0.0438192603733983,0.17690114442877,0.0427745696453259
"61",0.638360871221077,0.0659844628855724,0.0838420942361957,0.13279713303717,0.0790154386199852
"62",0.654812143942695,0.14690542830754,0.0335463820130076,0.0643822327662902,0.100353812970467
"63",0.726591022443439,0.0223762996903632,0.0948126434412231,0.0963485610515343,0.0598714733734402
"64",0.784957365066642,0.0410131058968052,0.03301567011455,0.107033625752299,0.0339802331697033
"65",0.731636772350288,0.0370574819110854,0.0450692461937989,0.17028159289527,0.0159549066495578
"66",0.608926956979829,0.105117173839038,0.0486768498762574,0.181254635091279,0.0560243842135958
"67",0.502436196659843,0.137772171594417,0.101833237291392,0.146237789197476,0.111720605256872
"68",0.50152110237969,0.167403741909126,0.116768515468881,0.148119676329194,0.0661869639131089
"69",0.612017670327345,0.0865172029518115,0.0515762263965782,0.210077414198104,0.0398114861261609
"70",0.809368481961859,0.021057456322898,0.0260907254309348,0.10035811926434,0.0431252170199685
"71",0.564280260508688,0.0371206175027245,0.129363622085598,0.199193559320452,0.0700419405825377
"72",0.486330228104863,0.175457542384054,0.117158563741369,0.102814754890269,0.118238910879444
"73",0.517481168011764,0.123044250428419,0.0611527886826935,0.203355933300571,0.0949658595765521
"74",0.78122115505635,0.0363805090490951,0.0197611629733537,0.118341959547125,0.044295213374076
"75",0.634987820684138,0.0991139521947719,0.0804402696678272,0.0998621590191222,0.085595798434141
"76",0.784361191856486,0.0137711326247115,0.0232473658301674,0.153836644323817,0.0247836653648178
"77",0.551620845297145,0.0849061599180409,0.128086971947086,0.144376999129908,0.091009023707819
"78",0.667723024844742,0.091127316009899,0.0427298600629229,0.140784028690464,0.0576357703919724
"79",0.675508630103779,0.0415761062702065,0.088752010853878,0.150401478276178,0.0437617744959588
"80",0.761620374776302,0.0494587946493297,0.030550490768177,0.134351826504105,0.0240185133020869
"81",0.722765617201882,0.0667857578209673,0.0199039545819584,0.135366238721449,0.0551784316737436
"82",0.573641112550583,0.104274797752968,0.0800633059831666,0.108189448504626,0.133831335208656
"83",0.534258075785435,0.0974939058351466,0.0872435116081389,0.158198553526733,0.122805953244546
"84",0.639710852836747,0.123997288704825,0.0393405826086897,0.0774568508823131,0.119494424967426
"85",0.7105250320705,0.0516665820923995,0.0276285827361576,0.146400716317196,0.0637790867837469
"86",0.679539068913184,0.0411305966873757,0.0629555503147228,0.146666056964034,0.0697087271206831
"87",0.766604275379372,0.0570108613479309,0.0516243739154557,0.0818959693263356,0.0428645200309055
"88",0.724566063262819,0.02981045818938,0.0358305437881412,0.172254798714851,0.0375381360448089
"89",0.669140694950666,0.0361778793678977,0.114248265282262,0.091070194890553,0.0893629655086221
"90",0.649285139079091,0.047691823070678,0.117690404788109,0.112343287491607,0.0729893455705155
"91",0.829381064151551,0.0195829249142931,0.0351911462130902,0.0870660497113942,0.028778815009671
"92",0.829012578213396,0.0207111436567294,0.0227660828348394,0.100433222704382,0.0270769725906531
"93",0.617867986946404,0.0461195101587533,0.112065423281752,0.127126837409408,0.0968202422036823
"94",0.72134730421757,0.0231909901252587,0.0364604451521316,0.181789947727746,0.0372113127772939
"95",0.785720888403937,0.0172414547184651,0.050480527781724,0.0830840898077474,0.0634730392881266
"96",0.613763092670938,0.0343305143454756,0.096545637533026,0.179057248618859,0.0763035068317021
"97",0.628444995380767,0.0521450633262664,0.0500498439669193,0.190693314918502,0.0786667824075448
"98",0.634014985559505,0.0394780083413012,0.121336056484395,0.16761183485532,0.0375591147594785
"99",0.711450662070999,0.0381747478341583,0.0171222437098932,0.196473364517116,0.0367789818678332
"100",0.684941708742268,0.0455833841982046,0.0432450865260443,0.170370926093781,0.0558588944397028
"101",0.704857075926145,0.0457208645168085,0.0340873692497529,0.160942204986736,0.0543924853205573
"102",0.636333729772418,0.0430949165489191,0.0595602004977304,0.194080921929549,0.0669302312513842
"103",0.675314836546017,0.0559164480502507,0.0437217067928365,0.192293534233121,0.0327534743777742
"104",0.642337922648643,0.0898409383232477,0.0214985200696472,0.134952792862251,0.111369826096211
"105",0.614576472801742,0.0590106199443519,0.110479948385045,0.145676389347768,0.0702565695210935
"106",0.820887885837127,0.0377806717185274,0.0181981765981973,0.10809175999974,0.0150415058464085
"107",0.586646001656581,0.0576173889371078,0.085195608095396,0.210536261808524,0.0600047395023911
"108",0.804003718071583,0.0424763785016449,0.0260494909478334,0.0969191873716146,0.0305512251073236
"109",0.593795978846943,0.071090947780143,0.156446288185922,0.11037167893308,0.0682951062539111
"110",0.671357279519468,0.0397780906698246,0.0191124800302088,0.173359888608367,0.0963922611721318
"111",0.689992239048753,0.0586261538692727,0.0501420901639772,0.148971287088489,0.0522682298295086
"112",0.476043937556446,0.128354531689416,0.105242025621332,0.176610237608325,0.113749267524482
"113",0.60792707276814,0.0323234968874228,0.147316444510698,0.112758073833744,0.099674911999996
"114",0.438028731942767,0.197737217921414,0.178351685028293,0.146983787627379,0.038898577480147
"115",0.572495539100293,0.158497471532019,0.102026804306133,0.110357289300828,0.0566228957607268
"116",0.443021415879784,0.13615578991835,0.191908755566846,0.1295885938696,0.099325444765421
"117",0.743926578347321,0.0229345983462068,0.0444453394092571,0.140063603011994,0.0486298808852212
"118",0.660125650228671,0.0533730554206955,0.0223120409145767,0.174355872031491,0.0898333814045657
"119",0.765848639753205,0.0335165002380243,0.0620696438313086,0.0770613548255127,0.0615038613519496
"120",0.674970383580253,0.0357471062891892,0.0772675412556286,0.143000850509264,0.0690141183656651
"121",0.808727734874881,0.0366580173243805,0.0117012942270466,0.0899540849645779,0.0529588686091139
"122",0.732980544789709,0.0625840069324546,0.0287359163204003,0.116442673100257,0.0592568588571802
"123",0.580993985749038,0.0902660269064231,0.0973014693321135,0.139586624144985,0.0918518938674402
"124",0.638283444555739,0.0954537786923349,0.03416322258028,0.145641886418257,0.0864576677533889
"125",0.743184378025362,0.0561679058959264,0.0365061303808323,0.137467524894702,0.0266740608031776
"126",0.745579784905682,0.0145710055742887,0.0675097291084205,0.144096346445476,0.0282431339661321
"127",0.652509228847666,0.0315208179877171,0.0617624495904622,0.226687263390009,0.0275202401841455
"128",0.620782687533836,0.0620139833313747,0.0963508696277527,0.132175749284916,0.0886767102221208
"129",0.634362581611667,0.0775389515546193,0.0502012975155397,0.163567849189484,0.0743293201286899
"130",0.645477418877204,0.0681159341458725,0.094207174624645,0.13090807385377,0.0612913984985092
"131",0.482515082045491,0.0130176629989081,0.279289088907085,0.15072918178682,0.0744489842616959
"132",0.524871091560186,0.10673873280529,0.132742925293596,0.134078565473867,0.101568684867061
"133",0.658120624399126,0.0947905545103303,0.0315053130718645,0.125327750928794,0.0902557570898853
"134",0.707078329659738,0.0238443364025136,0.0539355259783208,0.198672306033639,0.0164695019257889
"135",0.58825791734456,0.0995742502738835,0.0824052059663671,0.13946995920868,0.0902926672065094
"136",0.708542994191701,0.0338323918779864,0.0468770284224091,0.188473742119087,0.0222738433888159
"137",0.652268812373103,0.0350610882938349,0.122618990116581,0.132877013153723,0.0571740960627584
"138",0.597778654609936,0.11818950450573,0.0601695506071385,0.0761779621707581,0.147684328106438
"139",0.555207898783585,0.0932239784669828,0.0910562853579819,0.111281848615021,0.14922998877643
"140",0.576198102468399,0.135795906418276,0.0532080579828966,0.13207384742565,0.102724085704779
"141",0.573862123607124,0.0621836321430299,0.0845052734361321,0.241499370225675,0.0379496005880395
"142",0.80464700165867,0.0372505573849916,0.0222819845207932,0.121119081683414,0.0147013747521318
"143",0.618093791714437,0.041232479289487,0.110875798298197,0.151063396990915,0.0787345337069639
"144",0.660237004447952,0.0382844204735262,0.0501171105021187,0.198870480770364,0.0524909838060386
"145",0.535755639063589,0.0367467999578329,0.132670766935532,0.194858855823504,0.0999679382195421
"146",0.696056197730118,0.0734589250672567,0.0316557904216611,0.109310450614615,0.0895186361663497
"147",0.71285578662529,0.0391278571058903,0.0517789879554041,0.147965760186589,0.0482716081268264
"148",0.746835950262353,0.0402000860798368,0.0307509926755559,0.1132249085205,0.068988062461754
"149",0.757140535188239,0.0470598004149325,0.0429743721354696,0.128154172729117,0.0246711195322413
"150",0.711763149884121,0.0509698947781515,0.0506838408259842,0.163812678404254,0.0227704361074894
"151",0.487004858006346,0.0457055491627138,0.208541710660193,0.149383276128431,0.109364606042317
"152",0.48345719023198,0.0629728478803641,0.185767141111006,0.129654215201376,0.138148605575274
"153",0.618560215139454,0.0767389865170797,0.0635744874200503,0.14212515599149,0.0990011549319259
"154",0.576494176624862,0.066478431516285,0.091387535001889,0.214630334488667,0.0510095223682972
"155",0.529147775071269,0.0755178444325525,0.115612395431822,0.20898687862657,0.0707351064377869
"156",0.657243837122402,0.0257080783381501,0.0955608230866985,0.166944269925592,0.0545429915271577
"157",0.644639879560143,0.0254857169757224,0.0920679539058154,0.126971244398741,0.110835205159577
"158",0.683134459008436,0.0283736860381368,0.0668865727451163,0.150578634340259,0.0710266478680525
"159",0.543114840670745,0.0261966843349204,0.198422302251241,0.197596195688739,0.0346699770543549
"160",0.644874397858612,0.0958464283729154,0.0234936980013999,0.17878135883187,0.0570041169352031
"161",0.508653654576259,0.0993676961122293,0.0528370648971686,0.248785107359202,0.0903564770551407
"162",0.640385421661315,0.070650453259065,0.044872025333955,0.207052603215101,0.0370394965305639
"163",0.560094765547468,0.135246744329664,0.0940416655445871,0.122709601354328,0.0879072232239533
"164",0.722117361971662,0.047716269746173,0.0466365707239985,0.151367559932491,0.0321622376256759
"165",0.627038620741144,0.0309444257238408,0.106687328597061,0.183867442094362,0.0514621828435917
"166",0.766777300513277,0.0508450703876532,0.0360876675894277,0.10532662438604,0.0409633371236017
"167",0.735649451301914,0.023111737521883,0.103864142469857,0.10356278392202,0.0338118847843254
"168",0.755246275911719,0.0643528854115239,0.0339857919653337,0.116425909354369,0.0299891373570544
"169",0.654036381704372,0.0515138954672387,0.0609164415302513,0.198168153382918,0.03536512791522
"170",0.54061785089989,0.130021269531671,0.102557801590618,0.1058844177883,0.120918660189522
"171",0.421546131692484,0.179459159706398,0.148474134037958,0.136047257227436,0.114473317335724
"172",0.520785721874112,0.0957205844448216,0.141798713823167,0.134705127154658,0.106989852703241
"173",0.661333318674726,0.11194510350891,0.0842555310139124,0.107917228325291,0.0345488184771605
"174",0.624068306452187,0.0647984633098621,0.0429994785682756,0.210697669121863,0.0574360825478118
"175",0.808431179213846,0.0188829403864116,0.0105599553943126,0.120321886598611,0.0418040384068182
"176",0.695338435522428,0.0241124997851931,0.115710823865104,0.076819336490009,0.0880189043372654
"177",0.511569274073561,0.0750564938280548,0.0941698723609808,0.186345046117307,0.132859313620097
"178",0.55388454927553,0.0973374459879926,0.111139062355752,0.176731082706675,0.0609078596740505
"179",0.63400718567856,0.0305681791176013,0.0800688460281821,0.20525085935749,0.0501049298181667
"180",0.605877249815198,0.0605125326035554,0.0739042875855025,0.200255469290837,0.0594504607049068
"181",0.639262641590355,0.0169502195505176,0.116304091296123,0.20547604559312,0.0220070019698845
"182",0.651385522847867,0.0473081892855154,0.0495650295253843,0.171720584857151,0.0800206734840825
"183",0.720066868559191,0.0803248559022419,0.0362208142862087,0.1333656966254,0.0300217646269583
"184",0.727544989652232,0.0703708857327303,0.0559603215583836,0.111276295482714,0.0348475075739404
"185",0.710923836660301,0.0472729909673386,0.109431282687433,0.104329908600371,0.0280419810845564
"186",0.533042567550918,0.156449467626671,0.0582046700004174,0.141891216820743,0.11041207800125
"187",0.704663792181049,0.0398133507467961,0.0345487487723684,0.202171130758454,0.0188029775413326
"188",0.487873541853586,0.128136222323098,0.0888426309357383,0.209095658718905,0.0860519461686729
"189",0.475866266098238,0.154833950788138,0.134328704552195,0.121209545752847,0.113761532808582
"190",0.552052922856918,0.0813018155749851,0.109544118293021,0.145292351650034,0.111808791625042
"191",0.740863563903583,0.0419646225507616,0.0403808749465746,0.0909917814917765,0.0857991571073041
"192",0.582044092954432,0.161102080695864,0.0294020373234062,0.128752908580611,0.0986988804456869
"193",0.627457385827471,0.0557684099188332,0.108807861013645,0.1552119943663,0.052754348873751
"194",0.733676128675279,0.0087471397815137,0.0460118375440919,0.170478342337983,0.0410865516611327
"195",0.804381160858646,0.0280861425988717,0.032801793748499,0.119885252651553,0.014845650142431
"196",0.491989558243542,0.108312662840177,0.136453214024864,0.110812209875865,0.152432355015552
"197",0.725577158085885,0.126153316325498,0.028395599427541,0.104210727056861,0.015663199104216
"198",0.646939019109332,0.042822458925198,0.0818532313333204,0.132473844530688,0.0959114461014615
"199",0.776775070292467,0.02017209052763,0.0426349447538105,0.112011606712964,0.0484062877131294
"200",0.856989625063015,0.013627496317199,0.013853900950586,0.0820250815587298,0.0335038961104706
"201",0.566029550036098,0.0404344798962594,0.153840419620317,0.150535603631104,0.0891599468162212
"202",0.46383533267598,0.189629136899012,0.0523684831939617,0.221553289105209,0.0726137581258375
"203",0.650902486456895,0.152076544560959,0.0794232512594706,0.0771829000414598,0.0404148176812156
"204",0.677754959755203,0.0579418820626725,0.0406223457685863,0.183423336391972,0.040257476021566
"205",0.612184720806693,0.0528998423537117,0.0970491825983972,0.132522738797,0.105343515444198
"206",0.72458583272749,0.0295281969458748,0.0712449753402476,0.112927946843865,0.0617130481425224
"207",0.814937340306764,0.0175483870378766,0.0373662708848409,0.110969278297439,0.01917872347308
"208",0.688342776934494,0.0511093522626502,0.133142946614754,0.0895013245856842,0.0379035996024177
"209",0.734840702241313,0.0411017007949521,0.0464039943060705,0.13605523736696,0.041598365290705
"210",0.734409616263153,0.0559233367905547,0.0595432554931762,0.12868560594231,0.021438185510806
"211",0.596723629428599,0.0694925432566255,0.0601752524765564,0.199268040832974,0.0743405340052452
"212",0.684955333045944,0.091209190847298,0.0667660280884509,0.0998048675165621,0.0572645805017447
"213",0.700646781464018,0.0438956900966764,0.0618472941110611,0.12425023734265,0.0693599969855945
"214",0.586391001372735,0.0638494135851747,0.0827921507211067,0.16887694809174,0.0980904862292438
"215",0.686272454400814,0.0363139072656875,0.0402025089637884,0.184379846106456,0.0528312832632533
"216",0.574883978173826,0.032387325590196,0.150218912709045,0.214964707435379,0.0275450760915538
"217",0.699508046913518,0.074629202116337,0.0351537585046861,0.140162513899547,0.0505464785659119
"218",0.525816104323898,0.228043593790575,0.0455335815466338,0.143235394526565,0.0573713258123293
"219",0.72205285377117,0.0185312998871512,0.0518261875590496,0.192703889070135,0.0148857697124935
"220",0.700544011372323,0.0172437184376764,0.0730278576492268,0.1413032377905,0.0678811747502738
"221",0.599011427958017,0.0466320599456166,0.0690568008961618,0.223509318854356,0.0617903923458487
"222",0.743210359554587,0.0861455936154916,0.0254743540487918,0.0936110283381632,0.0515586644429663
"223",0.665732997948252,0.0693001203043225,0.0665135438216736,0.142236256503082,0.0562170814226688
"224",0.64790894398978,0.0175567637495487,0.0694085195001787,0.219749859541793,0.0453759132186992
"225",0.621760919429389,0.0291971443436151,0.0326285804407199,0.258684719552548,0.057728636233728
"226",0.705347070018466,0.034156260807047,0.052027781012563,0.157468924090458,0.0509999640714659
"227",0.529268487047814,0.0495052700799336,0.091348156799322,0.147646409973471,0.182231676099459
"228",0.764563292928013,0.0262783828343805,0.0290615279241857,0.146222031183173,0.0338747651302474
"229",0.693702419518373,0.0258039171860797,0.0755338230284165,0.169058817090743,0.0359010231763881
"230",0.61663993976619,0.0670011002159189,0.104863749826912,0.143678588902303,0.0678166212886766
"231",0.466084684919731,0.149662219653137,0.152067786658086,0.184776273043234,0.0474090357258118
"232",0.654949231226159,0.0490210646304571,0.150916796460057,0.111556790562076,0.0335561171212513
"233",0.596823487814861,0.12093710669594,0.031415089502874,0.205966753475104,0.0448575625112205
"234",0.706261606230556,0.0506104939737819,0.0267933192930615,0.127417602858102,0.0889169776444981
"235",0.613983918594725,0.0582523624277445,0.065110499179749,0.154131621750803,0.108521598046979
"236",0.527141274769438,0.0714739905851389,0.132860775717859,0.194480166356099,0.0740437925714642
"237",0.56650191305036,0.177040369046905,0.0455541732177951,0.1244688511191,0.0864346935658394
"238",0.515619037145376,0.160899404999536,0.0898927753537462,0.150032947638121,0.0835558348632203
"239",0.759500432783979,0.0386424505958844,0.0151810260181525,0.0989453492501858,0.0877307413517981
"240",0.641380311161174,0.0474843669976666,0.0517658635494054,0.230503164736155,0.0288662935555989
"241",0.76850879533964,0.0338757028582493,0.0529525169289719,0.0900909982693958,0.0545719866037428
"242",0.592284201438067,0.0839285210108051,0.0907327088921505,0.143627952572145,0.0894266160868323
"243",0.703758890244954,0.0189528116470084,0.0686700637554224,0.166728090371288,0.0418901439813279
"244",0.660045178385816,0.0359570246753327,0.0600344172623708,0.224332023038604,0.0196313566378768
"245",0.704306137792241,0.053180165458584,0.104837382137778,0.102480707370153,0.0351956072412436
"246",0.75383809478244,0.0833191570120359,0.0480698333498803,0.0760104473084443,0.0387624675471996
"247",0.712520736453452,0.0542912564506396,0.0299663484013229,0.160932461484735,0.0422891972098506
"248",0.661168118528101,0.0693469744900638,0.109241709783516,0.0915007069949397,0.068742490203379
"249",0.603439242378589,0.0371492146911604,0.0690615676617211,0.243363597353511,0.0469863779150188
"250",0.755522461717887,0.0717093104093354,0.0339497804675199,0.11502273563667,0.0237957117685874
"251",0.595785879538979,0.095028695300098,0.0713640126674662,0.195350000005765,0.0424714124876922
"252",0.517084694681619,0.0479113285387009,0.160916393229931,0.177691572360961,0.0963960111887887
"253",0.696848690281279,0.0933742724563325,0.0481165644051356,0.143315938482379,0.0183445343748742
"254",0.640397138110518,0.0499250954488881,0.104114938603505,0.153385507384901,0.0521773204521881
"255",0.593067236478767,0.0850245050069057,0.020608715029728,0.25503203979413,0.0462675036904686
"256",0.574057238891113,0.104504516064917,0.0554377397477262,0.138901382378333,0.12709912291791
"257",0.79146755952021,0.0465837184629238,0.0196588748592655,0.121909964258659,0.0203798828989418
"258",0.561583153071045,0.0707926117967264,0.133424506033264,0.202051576867652,0.032148152231313
"259",0.773909250502392,0.030394926831034,0.0527725917692019,0.0963848626814292,0.0465383682159435
"260",0.500545038485915,0.0697070241713264,0.2070861948984,0.110124058160263,0.112537684284095
"261",0.438835500035495,0.157958371325422,0.193861410304424,0.0954971421843731,0.113847576150286
"262",0.543149883193691,0.16981163028256,0.0214496169149161,0.203982376855228,0.0616064927536041
"263",0.800088236542656,0.045067087393913,0.0410229220889906,0.0827060062775023,0.0311157476969383
"264",0.650482401290071,0.0676285175360069,0.100114518329465,0.15127030098049,0.0305042618639671
"265",0.696409000312827,0.0524850484087836,0.038020065328732,0.123708264325141,0.0893776216245165
"266",0.638159899276814,0.129281018038033,0.0405107398001841,0.158800856577635,0.0332474863073334
"267",0.650495809017133,0.0436503698274173,0.0863893993297252,0.186877709092113,0.0325867127336116
"268",0.636113990583979,0.0268148133018106,0.130446768479915,0.165761028961413,0.0408633986728831
"269",0.602571616558441,0.113909244806792,0.0374862192504556,0.226966239231559,0.0190666801527526
"270",0.588931789746791,0.0245162687254364,0.264295236491098,0.0805488035132403,0.0417079015234343
"271",0.556053650600384,0.120933941177287,0.109432245331355,0.180168095832694,0.0334120670582798
"272",0.621678820137274,0.0467214497060408,0.128374694829666,0.169328112170064,0.0338969231569556
"273",0.606599055932786,0.126621399028433,0.0895192401066527,0.123423261549404,0.0538370433827243
"274",0.619072016359053,0.0427193687656375,0.105151737759329,0.180247328281045,0.0528095488349355
"275",0.675566320026599,0.124098656989209,0.0437064980398857,0.117180181247826,0.0394483436964796
"276",0.633966804082281,0.0734105527077633,0.0366577135817487,0.170019895850721,0.0859450337774858
"277",0.614065695403477,0.0479090165293471,0.11258703222904,0.146979244876809,0.0784590109613269
"278",0.662455319875242,0.0394310421554128,0.118944264546863,0.145908080915353,0.0332612925071291
"279",0.616664853253155,0.0737386525480599,0.0570665575740823,0.173450333570338,0.0790796030543648
"280",0.560435075574738,0.0762455590144855,0.186007213567752,0.11842847733997,0.0588836745030542
"281",0.827469698015425,0.0308027733489218,0.0343045978369941,0.0923023762594809,0.0151205545391779
"282",0.745986132465542,0.025922098167145,0.0519407314488647,0.149369992198373,0.0267810457200755
"283",0.762029128292053,0.0230505507736381,0.0340187462709269,0.139243485064257,0.0416580895991244
"284",0.520245026003094,0.148203090063655,0.118294574320415,0.158417204527483,0.0548401050853534
"285",0.6401346568167,0.0547763719732523,0.108245042633377,0.182752188325942,0.0140917402507286
"286",0.55446697609497,0.136715211709924,0.0917964275786375,0.138374438386585,0.0786469462298826
"287",0.58916663359772,0.0934989395687799,0.0902900435172801,0.202267803783951,0.024776579532269
"288",0.650118744693851,0.0405433175426233,0.11900101606847,0.1298504665117,0.0604864551833549
"289",0.608603497573487,0.0576510082617476,0.101514182972916,0.1627187694801,0.0695125417117498
"290",0.523563745073961,0.129324473199178,0.0920112044552319,0.147123937428261,0.107976639843367
"291",0.546174074105297,0.0307426666963038,0.14768608595913,0.200809475717807,0.0745876975214615
"292",0.463797140706941,0.144178444312065,0.135998289879869,0.146491495565973,0.109534629535153
"293",0.668929309696688,0.053630836334931,0.0411753920447689,0.202619761213222,0.03364470071039
"294",0.677358949963177,0.125878740523171,0.0352597371495888,0.0984585419482776,0.0630440304157856
"295",0.397645166600529,0.295606632355361,0.131947116278594,0.099682614393731,0.0751184703717848
"296",0.651430320516558,0.0683118080206728,0.0590563479945754,0.140893991155855,0.0803075323123382
"297",0.835014993043891,0.0138756735396617,0.0268295596773243,0.101952506625726,0.0223272671133966
"298",0.610591049951262,0.174181101016999,0.0252493661831051,0.133128745883368,0.0568497369652662
"299",0.61615106969106,0.0197000390949241,0.183033392766244,0.108104112086986,0.0730113863607863
"300",0.588803773753416,0.0540472321956201,0.107968720960853,0.199522917580022,0.0496573555100893
"301",0.547096602652676,0.105865154675353,0.0370740485165407,0.129166570535396,0.180797623620035
"302",0.670960475921579,0.0667864692058053,0.145835552466428,0.0798111225547685,0.0366063798514196
"303",0.738480699580931,0.0237300762362012,0.120435603563101,0.0979956520464638,0.0193579685733025
"304",0.822346333681674,0.0372126848815954,0.0200820961713081,0.0774453647050088,0.0429135205604137
"305",0.577137140552478,0.0128387089263744,0.198824880142385,0.185614095713588,0.0255851746651749
"306",0.584385877104469,0.137637263580615,0.0616061271872418,0.1326971264345,0.0836736056931743
"307",0.691588887040063,0.0683456300540638,0.0677899227577676,0.124483425218865,0.0477921349292404
"308",0.673423067552589,0.0776739159332037,0.0448709523491657,0.135796615741358,0.0682354484236833
"309",0.595690140376699,0.0438065263914038,0.16068005105629,0.158542152558692,0.0412811296169152
"310",0.523105024683121,0.168529323409044,0.106420873365114,0.139669141977658,0.0622756365650622
"311",0.517018537295236,0.0291129369737641,0.209741650780574,0.206960502687702,0.0371663722627251
"312",0.563655509875678,0.0367154473585757,0.232407511276432,0.131464000893081,0.035757530596234
"313",0.527073659078773,0.0379215532304821,0.183378912712094,0.0899677431547114,0.16165813182394
"314",0.307946185244033,0.0593408711141677,0.466660856903539,0.115212438987363,0.0508396477508974
"315",0.761908671442307,0.0202199910922322,0.0561106244560181,0.134896870680573,0.0268638423288696
"316",0.683476425473987,0.0512683762955039,0.0387142799382111,0.174189948412241,0.0523509698800568
"317",0.555957783852032,0.0955201321648945,0.107598534294216,0.214167915773965,0.0267556339148925
"318",0.787037638445886,0.0673968111181586,0.00963392758171383,0.101531682898554,0.0343999399556875
"319",0.720824938035155,0.0624334275906136,0.0363610171913014,0.0898991309421587,0.0904814862407711
"320",0.54258252335425,0.270451767618613,0.0665600110248861,0.0617561274972341,0.0586495705050162
"321",0.479440053319339,0.0557435845238231,0.262533446579706,0.136763353766155,0.0655195618109771
"322",0.521832236902098,0.0972614450729764,0.129017335887038,0.178161516444099,0.0737274656937882
"323",0.714893373408793,0.0593734400780466,0.0701235123944665,0.0689595247555635,0.0866501493631303
"324",0.52326756737464,0.144508208472838,0.111508810034855,0.142157636061134,0.0785577780565339
"325",0.575472036328359,0.15858560885191,0.104155429856403,0.139817625419853,0.0219692995434743
"326",0.544958694659463,0.07695611704395,0.12089523992742,0.157754696553528,0.0994352518156399
"327",0.713953430307431,0.0204278745853155,0.10235335167549,0.135517334275322,0.0277480091564418
"328",0.625687880824027,0.182942278638459,0.0622217465403889,0.100857412016409,0.0282906819807168
"329",0.658417874111754,0.0483575280702625,0.0490973110237012,0.199321512798986,0.044805773995297
"330",0.401520105852706,0.213906380402217,0.151053832852839,0.0791248307596596,0.154394850132579
"331",0.685499823251215,0.0673514664353131,0.0445019160723078,0.114079339652774,0.0885674545883907
"332",0.613156274986957,0.0207179630378116,0.110234418221569,0.163859219101058,0.0920321246526046
"333",0.66832004087451,0.0276236522800312,0.0801979704090774,0.131710843909531,0.0921474925268498
"334",0.669245674067413,0.0251623450930849,0.0719222710492003,0.210272290538781,0.0233974192515206
"335",0.560265240935208,0.0803952084300383,0.0537567254178019,0.122631006723499,0.182951818493453
"336",0.649023611916406,0.0597091896608012,0.0648105275297788,0.164115908541278,0.062340762351735
"337",0.669939099132582,0.0439505090614969,0.0793184744100488,0.141839663202948,0.0649522541929247
"338",0.644301241884234,0.0613988428574777,0.0953845119187626,0.127388011597931,0.071527391741595
"339",0.668578491920904,0.0668251076665464,0.0669199241940375,0.125135544753112,0.0725409314653995
"340",0.630707731593397,0.123768730124492,0.0298937892729581,0.128256104718895,0.0873736442902575
"341",0.418184232690144,0.275519549301584,0.0743911315133217,0.114804161843942,0.117100924651008
"342",0.708221253917482,0.0289158525859034,0.0403326284269829,0.17826311325472,0.0442671518149121
"343",0.578116597676213,0.0742485878638212,0.0969189984588662,0.131514890779617,0.119200925221482
"344",0.572129196323279,0.0764833457305087,0.107353106584935,0.131545710284471,0.112488641076807
"345",0.659060740897255,0.128430441016768,0.0433380855695011,0.0843982490573664,0.0847724834591093
"346",0.623427329181721,0.0358627921416941,0.0646345886688052,0.184497657771517,0.0915776322362628
"347",0.621439085389907,0.0419566447248041,0.139107575685993,0.117837571440623,0.0796591227586734
"348",0.514163505459668,0.0696280815645414,0.19014776414176,0.176556143178335,0.0495045056556957
"349",0.78280753714995,0.0282824711907885,0.0352449795064126,0.121100331276433,0.0325646808764162
"350",0.725568253929093,0.0886313051821569,0.021415386073613,0.093466290455474,0.0709187643596631
"351",0.646042720548702,0.0416136301226688,0.0677193823389106,0.161673378016055,0.0829508889736636
"352",0.802633065236612,0.0182137159698155,0.0125365826754673,0.126175453835048,0.040441182283057
"353",0.709250197825162,0.0634064385850863,0.031292091693667,0.0933180335906283,0.102733238305456
"354",0.658060191847554,0.041957716501549,0.0763403082274161,0.157402077522013,0.0662397059014681
"355",0.517258507188844,0.0556833558752729,0.127035979272594,0.233842666051508,0.0661794916117813
"356",0.642355024305448,0.084940284717828,0.0432598240381261,0.157360353491903,0.0720845134466942
"357",0.656163759767085,0.0355153873659816,0.0659521135857456,0.12155789379953,0.120810845481658
"358",0.688461701472628,0.0659513086262176,0.101233800810185,0.0565154378823772,0.0878377512085923
"359",0.726914988384237,0.0475709995599338,0.11173063704916,0.0740529663814821,0.0397304086251866
"360",0.780213294571846,0.0322594383053716,0.0525809267004135,0.111127453130015,0.0238188872923534
"361",0.707514299324803,0.0457939263329913,0.0445446141977714,0.153549176787409,0.0485979833570251
"362",0.543716787152916,0.0969108585059541,0.135018968131789,0.142523987594373,0.081829398614968
"363",0.630026174310202,0.0594596163760511,0.0609322474220255,0.181935913723678,0.0676460481680438
"364",0.686062354969907,0.0655913829283693,0.0599212334311238,0.159086105835314,0.0293389228352859
"365",0.65811811284148,0.0990166631718054,0.0713006667677797,0.10425357738989,0.0673109798290441
"366",0.753577623249603,0.117791981485215,0.0233064518789998,0.0803012607533398,0.0250226826328422
"367",0.733007107110884,0.0979586131172341,0.0523336049594857,0.0777532285678826,0.0389474462445138
"368",0.730713658060465,0.0520566692113561,0.0148226039512879,0.176893267741705,0.0255138010351866
"369",0.619205316173718,0.0493715106621495,0.161778677431134,0.131312817952318,0.0383316777806809
"370",0.831948322809095,0.034658019293228,0.0170841782179512,0.091906067627029,0.0244034120526967
"371",0.710030201516845,0.056853168462356,0.0618036840516171,0.137544071785554,0.0337688741836278
"372",0.726487381987985,0.0374858469088495,0.122610674108747,0.07788127520296,0.0355348217914581
"373",0.654445954645835,0.0216801753334805,0.0820013939322767,0.183015458313303,0.0588570177751056
"374",0.699788362754065,0.0265047970924026,0.0257285988819843,0.23291018449533,0.0150680567762181
"375",0.633049253391624,0.0646967048803845,0.045794965066592,0.200768522472345,0.0556905541890553
"376",0.457387541357538,0.0468617486637682,0.312016447240856,0.154925893244941,0.0288083694928968
"377",0.516969592730205,0.0616944925738408,0.243008957921389,0.11987583762319,0.0584511191513753
"378",0.665436367751531,0.0925520834854056,0.0203808771606904,0.164230983292957,0.0573996883094162
"379",0.528574743534507,0.0625626026105976,0.180943533491401,0.175416356029306,0.0525027643341886
"380",0.776875563571718,0.0408124641900057,0.055658634874045,0.065989109462757,0.060664227901474
"381",0.582938240315482,0.0417042103227088,0.15494825141046,0.182729129030699,0.0376801689206507
"382",0.718468884028002,0.0242910413235717,0.0766965075353882,0.154707256721087,0.0258363103919502
"383",0.63518822310747,0.0526207318676074,0.0632175761412823,0.198847753452656,0.0501257154309846
"384",0.686575162779659,0.0704590238816888,0.0607696658446176,0.135248666241762,0.046947481252273
"385",0.581183585003912,0.0398533255767622,0.183831725468362,0.111880618558178,0.0832507453927855
"386",0.653957342121913,0.0408663235507371,0.0660668272886118,0.188697542686773,0.0504119643519645
"387",0.756262232441588,0.0147012591921526,0.0498022056404766,0.149417547347157,0.0298167553786264
"388",0.479969686332507,0.0978470704800876,0.134290778619884,0.159473111574974,0.128419352992547
"389",0.711410566268037,0.0289893148761319,0.0842083371539573,0.0908275307598667,0.0845642509420072
"390",0.573015595809389,0.0769582441997834,0.073960828272795,0.194367642905288,0.0816976888127444
"391",0.590064320729781,0.0990660628199341,0.104245211553889,0.145681102507703,0.0609433023886934
"392",0.695174763932979,0.01492357217802,0.0779387375482243,0.172496745037698,0.0394661813030788
"393",0.667697748278052,0.116663554193931,0.077905762922751,0.0996498062291268,0.0380831283761389
"394",0.805023336394569,0.0625336133965266,0.0200377215711088,0.0890796294025418,0.0233256992352536
"395",0.750308260965784,0.0308830784154997,0.0343983427800111,0.147681164399019,0.0367291534396866
"396",0.696489702254626,0.063781277235172,0.0406450116081457,0.116135440978334,0.0829485679237225
"397",0.69528054333349,0.0200434586153455,0.0937820176132053,0.171809999099196,0.0190839813387633
"398",0.450414934638541,0.144644066116291,0.204414397494693,0.13348497769004,0.0670416240604351
"399",0.608060388465791,0.074654436663426,0.0924418693342822,0.144167032747912,0.0806762727885889
"400",0.715515930055905,0.0477733402476251,0.0338053977521281,0.170347861403535,0.0325574705408067
"401",0.470925054676888,0.0999988315522967,0.17915615038231,0.188234254712995,0.0616857086755104
"402",0.633807835107693,0.0753885023678845,0.0718248890359375,0.159371014390465,0.05960775909802
"403",0.654826682497536,0.0292301161467136,0.0928690042943878,0.190262383217392,0.0328118138439708
"404",0.685331083206828,0.0485489391816656,0.117412221131937,0.0969643664633524,0.0517433900162169
"405",0.674646494218786,0.0721814160316142,0.137511252105805,0.0876196744530153,0.0280411631907803
